\begin{tabular}{lrrrrrrrrrr}
\toprule
{} &   Culture &    Nature &  Concepts &   History &  Technology &      Arts &  Entertainment &  Business &   Society &      Life \\
\midrule
Culture       &  1.000000 &  0.944321 &  0.919145 &  0.979498 &    0.728735 &  0.992440 &       0.988193 &  0.406539 &  0.534523 &  0.932247 \\
Nature        &  0.944321 &  1.000000 &  0.997577 &  0.991244 &    0.913475 &  0.896800 &       0.983583 &  0.684512 &  0.782838 &  0.999389 \\
Concepts      &  0.919145 &  0.997577 &  1.000000 &  0.979658 &    0.939567 &  0.863849 &       0.968647 &  0.733566 &  0.824227 &  0.999399 \\
History       &  0.979498 &  0.991244 &  0.979658 &  1.000000 &    0.851750 &  0.947367 &       0.998799 &  0.582261 &  0.693825 &  0.986025 \\
Technology    &  0.728735 &  0.913475 &  0.939567 &  0.851750 &    1.000000 &  0.639179 &       0.825052 &  0.921911 &  0.968283 &  0.927135 \\
Arts          &  0.992440 &  0.896800 &  0.863849 &  0.947367 &    0.639179 &  1.000000 &       0.961917 &  0.291333 &  0.426754 &  0.880792 \\
Entertainment &  0.988193 &  0.983583 &  0.968647 &  0.998799 &    0.825052 &  0.961917 &       1.000000 &  0.541722 &  0.657703 &  0.976677 \\
Business      &  0.406539 &  0.684512 &  0.733566 &  0.582261 &    0.921911 &  0.291333 &       0.541722 &  1.000000 &  0.989465 &  0.709567 \\
Society       &  0.534523 &  0.782838 &  0.824227 &  0.693825 &    0.968283 &  0.426754 &       0.657703 &  0.989465 &  1.000000 &  0.804102 \\
Life          &  0.932247 &  0.999389 &  0.999399 &  0.986025 &    0.927135 &  0.880792 &       0.976677 &  0.709567 &  0.804102 &  1.000000 \\
\bottomrule
\end{tabular}
