\begin{tabular}{lrrrrrrrrrrrrrrrrrrrrrrrrrrr}
\toprule
{} &   Culture &    Nature &  Concepts &   History &  Technology &      Arts &  Entertainment &  Business &   Society &      Life &    People &  Universe &  Language &  Religion &  Reference &   Science &       Law &    Events &    Health &  Education &  Philosophy &  Humanities &     World &  Mathematics &    Sports &  Politics &  Geography \\
\midrule
Culture       &  1.000000 &  0.944321 &  0.919145 &  0.979498 &    0.728735 &  0.992440 &       0.988193 &  0.406539 &  0.534523 &  0.932247 &  0.289554 &  0.932849 &  0.660614 &  0.965232 &   0.890976 &  0.441297 &  0.257817 &  0.717986 & -0.052531 &   0.356707 &    0.955038 &    0.688130 & -0.001397 &     0.847540 &  0.643880 &  0.286417 &   0.770447 \\
Nature        &  0.944321 &  1.000000 &  0.997577 &  0.991244 &    0.913475 &  0.896800 &       0.983583 &  0.684512 &  0.782838 &  0.999389 &  0.588362 &  0.999446 &  0.870839 &  0.997494 &   0.990762 &  0.711981 &  0.561364 &  0.907030 &  0.278965 &   0.644227 &    0.999413 &    0.888552 &  0.327706 &     0.974974 &  0.859776 &  0.585711 &   0.937305 \\
Concepts      &  0.919145 &  0.997577 &  1.000000 &  0.979658 &    0.939567 &  0.863849 &       0.968647 &  0.733566 &  0.824227 &  0.999399 &  0.643186 &  0.999340 &  0.902925 &  0.990157 &   0.997795 &  0.759104 &  0.617573 &  0.934124 &  0.345092 &   0.695871 &    0.994609 &    0.918314 &  0.392635 &     0.988077 &  0.893218 &  0.640675 &   0.959278 \\
History       &  0.979498 &  0.991244 &  0.979658 &  1.000000 &    0.851750 &  0.947367 &       0.998799 &  0.582261 &  0.693825 &  0.986025 &  0.476443 &  0.986301 &  0.798308 &  0.998102 &   0.964180 &  0.613028 &  0.447176 &  0.843491 &  0.149724 &   0.537597 &    0.995186 &    0.820196 &  0.200087 &     0.937082 &  0.784819 &  0.473561 &   0.883080 \\
Technology    &  0.728735 &  0.913475 &  0.939567 &  0.851750 &    1.000000 &  0.639179 &       0.825052 &  0.921911 &  0.968283 &  0.927135 &  0.866468 &  0.926510 &  0.995506 &  0.882401 &   0.960217 &  0.936098 &  0.849526 &  0.999879 &  0.645569 &   0.899692 &    0.899001 &    0.998344 &  0.683777 &     0.981075 &  0.993173 &  0.864829 &   0.998012 \\
Arts          &  0.992440 &  0.896800 &  0.863849 &  0.947367 &    0.639179 &  1.000000 &       0.961917 &  0.291333 &  0.426754 &  0.880792 &  0.169890 &  0.881579 &  0.563481 &  0.925853 &   0.828513 &  0.327825 &  0.137284 &  0.627129 & -0.174697 &   0.239351 &    0.911429 &    0.593874 & -0.124119 &     0.775994 &  0.545107 &  0.166661 &   0.686380 \\
Entertainment &  0.988193 &  0.983583 &  0.968647 &  0.998799 &    0.825052 &  0.961917 &       1.000000 &  0.541722 &  0.657703 &  0.976677 &  0.432787 &  0.977033 &  0.767837 &  0.993885 &   0.950024 &  0.573576 &  0.402809 &  0.816156 &  0.101094 &   0.495632 &    0.989187 &    0.791177 &  0.151835 &     0.918849 &  0.753508 &  0.429833 &   0.859026 \\
Business      &  0.406539 &  0.684512 &  0.733566 &  0.582261 &    0.921911 &  0.291333 &       0.541722 &  1.000000 &  0.989465 &  0.709567 &  0.992210 &  0.708392 &  0.954454 &  0.631224 &   0.777052 &  0.999264 &  0.987560 &  0.927831 &  0.891016 &   0.998547 &    0.659138 &    0.942673 &  0.913065 &     0.829452 &  0.960807 &  0.991797 &   0.895662 \\
Society       &  0.534523 &  0.782838 &  0.824227 &  0.693825 &    0.968283 &  0.426754 &       0.657703 &  0.989465 &  1.000000 &  0.804102 &  0.963722 &  0.803111 &  0.987592 &  0.736858 &   0.859989 &  0.994292 &  0.954391 &  0.972056 &  0.815908 &   0.980225 &    0.761065 &    0.981054 &  0.844406 &     0.901580 &  0.990818 &  0.962843 &   0.950611 \\
Life          &  0.932247 &  0.999389 &  0.999399 &  0.986025 &    0.927135 &  0.880792 &       0.976677 &  0.709567 &  0.804102 &  1.000000 &  0.616257 &  0.999999 &  0.887484 &  0.994413 &   0.994895 &  0.736082 &  0.589938 &  0.921189 &  0.312350 &   0.670558 &    0.997606 &    0.904040 &  0.360518 &     0.982147 &  0.877095 &  0.613675 &   0.948910 \\
People        &  0.289554 &  0.588362 &  0.643186 &  0.476443 &    0.866468 &  0.169890 &       0.432787 &  0.992210 &  0.963722 &  0.616257 &  1.000000 &  0.614945 &  0.909849 &  0.529684 &   0.692585 &  0.986699 &  0.999456 &  0.874135 &  0.940630 &   0.997482 &    0.560318 &    0.893755 &  0.956756 &     0.753405 &  0.918787 &  0.999995 &   0.833280 \\
Universe      &  0.932849 &  0.999446 &  0.999340 &  0.986301 &    0.926510 &  0.881579 &       0.977033 &  0.708392 &  0.803111 &  0.999999 &  0.614945 &  1.000000 &  0.886715 &  0.994588 &   0.994726 &  0.734954 &  0.588593 &  0.920540 &  0.310768 &   0.669322 &    0.997720 &    0.903327 &  0.358964 &     0.981832 &  0.876294 &  0.612359 &   0.948383 \\
Language      &  0.660614 &  0.870839 &  0.902925 &  0.798308 &    0.995506 &  0.563481 &       0.767837 &  0.954454 &  0.987592 &  0.887484 &  0.909849 &  0.886715 &  1.000000 &  0.833882 &   0.929458 &  0.965199 &  0.895664 &  0.996860 &  0.714987 &   0.936986 &    0.853490 &    0.999305 &  0.749802 &     0.958331 &  0.999756 &  0.908486 &   0.987559 \\
Religion      &  0.965232 &  0.997494 &  0.990157 &  0.998102 &    0.882401 &  0.925853 &       0.993885 &  0.631224 &  0.736858 &  0.994413 &  0.529684 &  0.994588 &  0.833882 &  1.000000 &   0.978685 &  0.660520 &  0.501411 &  0.874969 &  0.210330 &   0.588504 &    0.999332 &    0.853870 &  0.260046 &     0.956803 &  0.821494 &  0.526903 &   0.910301 \\
Reference     &  0.890976 &  0.990762 &  0.997795 &  0.964180 &    0.960217 &  0.828513 &       0.950024 &  0.777052 &  0.859989 &  0.994895 &  0.692585 &  0.994726 &  0.929458 &  0.978685 &   1.000000 &  0.800632 &  0.668409 &  0.955753 &  0.406620 &   0.741998 &    0.985535 &    0.942560 &  0.452805 &     0.996117 &  0.921088 &  0.690219 &   0.975909 \\
Science       &  0.441297 &  0.711981 &  0.759104 &  0.613028 &    0.936098 &  0.327825 &       0.573576 &  0.999264 &  0.994292 &  0.736082 &  0.986699 &  0.734954 &  0.965199 &  0.660520 &   0.800632 &  1.000000 &  0.980799 &  0.941460 &  0.872941 &   0.995743 &    0.687509 &    0.954784 &  0.896744 &     0.850275 &  0.970737 &  0.986161 &   0.912067 \\
Law           &  0.257817 &  0.561364 &  0.617573 &  0.447176 &    0.849526 &  0.137284 &       0.402809 &  0.987560 &  0.954391 &  0.589938 &  0.999456 &  0.588593 &  0.895664 &  0.501411 &   0.668409 &  0.980799 &  1.000000 &  0.857635 &  0.951317 &   0.994599 &    0.532686 &    0.878470 &  0.965833 &     0.731300 &  0.905263 &  0.999558 &   0.814586 \\
Events        &  0.717986 &  0.907030 &  0.934124 &  0.843491 &    0.999879 &  0.627129 &       0.816156 &  0.927831 &  0.972056 &  0.921189 &  0.874135 &  0.920540 &  0.996860 &  0.874969 &   0.955753 &  0.941460 &  0.857635 &  1.000000 &  0.657380 &   0.906379 &    0.892074 &    0.999118 &  0.695053 &     0.977942 &  0.994869 &  0.872540 &   0.996910 \\
Health        & -0.052531 &  0.278965 &  0.345092 &  0.149724 &    0.645569 & -0.174697 &       0.101094 &  0.891016 &  0.815908 &  0.312350 &  0.940630 &  0.310768 &  0.714987 &  0.210330 &   0.406620 &  0.872941 &  0.951317 &  0.657380 &  1.000000 &   0.914188 &    0.245906 &    0.688438 &  0.998692 &     0.485477 &  0.730246 &  0.941736 &   0.596151 \\
Education     &  0.356707 &  0.644227 &  0.695871 &  0.537597 &    0.899692 &  0.239351 &       0.495632 &  0.998547 &  0.980225 &  0.670558 &  0.997482 &  0.669322 &  0.936986 &  0.588504 &   0.741998 &  0.995743 &  0.994599 &  0.906379 &  0.914188 &   1.000000 &    0.617649 &    0.923316 &  0.933717 &     0.798142 &  0.944470 &  0.997244 &   0.870390 \\
Philosophy    &  0.955038 &  0.999413 &  0.994609 &  0.995186 &    0.899001 &  0.911429 &       0.989187 &  0.659138 &  0.761065 &  0.997606 &  0.560318 &  0.997720 &  0.853490 &  0.999332 &   0.985535 &  0.687509 &  0.532686 &  0.892074 &  0.245906 &   0.617649 &    1.000000 &    0.872315 &  0.295150 &     0.966786 &  0.841778 &  0.557603 &   0.924816 \\
Humanities    &  0.688130 &  0.888552 &  0.918314 &  0.820196 &    0.998344 &  0.593874 &       0.791177 &  0.942673 &  0.981054 &  0.904040 &  0.893755 &  0.903327 &  0.999305 &  0.853870 &   0.942560 &  0.954784 &  0.878470 &  0.999118 &  0.688438 &   0.923316 &    0.872315 &    1.000000 &  0.724625 &     0.968310 &  0.998239 &  0.892281 &   0.992733 \\
World         & -0.001397 &  0.327706 &  0.392635 &  0.200087 &    0.683777 & -0.124119 &       0.151835 &  0.913065 &  0.844406 &  0.360518 &  0.956756 &  0.358964 &  0.749802 &  0.260046 &   0.452805 &  0.896744 &  0.965833 &  0.695053 &  0.998692 &   0.933717 &    0.295150 &    0.724625 &  1.000000 &     0.529547 &  0.764226 &  0.957704 &   0.636426 \\
Mathematics   &  0.847540 &  0.974974 &  0.988077 &  0.937082 &    0.981075 &  0.775994 &       0.918849 &  0.829452 &  0.901580 &  0.982147 &  0.753405 &  0.981832 &  0.958331 &  0.956803 &   0.996117 &  0.850275 &  0.731300 &  0.977942 &  0.485477 &   0.798142 &    0.966786 &    0.968310 &  0.529547 &     1.000000 &  0.951791 &  0.751247 &   0.991328 \\
Sports        &  0.643880 &  0.859776 &  0.893218 &  0.784819 &    0.993173 &  0.545107 &       0.753508 &  0.960807 &  0.990818 &  0.877095 &  0.918787 &  0.876294 &  0.999756 &  0.821494 &   0.921088 &  0.970737 &  0.905263 &  0.994869 &  0.730246 &   0.944470 &    0.841778 &    0.998239 &  0.764226 &     0.951791 &  1.000000 &  0.917490 &   0.983847 \\
Politics      &  0.286417 &  0.585711 &  0.640675 &  0.473561 &    0.864829 &  0.166661 &       0.429833 &  0.991797 &  0.962843 &  0.613675 &  0.999995 &  0.612359 &  0.908486 &  0.526903 &   0.690219 &  0.986161 &  0.999558 &  0.872540 &  0.941736 &   0.997244 &    0.557603 &    0.892281 &  0.957704 &     0.751247 &  0.917490 &  1.000000 &   0.831465 \\
Geography     &  0.770447 &  0.937305 &  0.959278 &  0.883080 &    0.998012 &  0.686380 &       0.859026 &  0.895662 &  0.950611 &  0.948910 &  0.833280 &  0.948383 &  0.987559 &  0.910301 &   0.975909 &  0.912067 &  0.814586 &  0.996910 &  0.596151 &   0.870390 &    0.924816 &    0.992733 &  0.636426 &     0.991328 &  0.983847 &  0.831465 &   1.000000 \\
\bottomrule
\end{tabular}
